ID;Name;Index;DoB;Hire Date; Credit ;Days;ID Company;ID Occupation;
1;Admiral Country;0,867292053;26/06/1935 05:08;06/03/1941 05:08; 3.221,65 ;1122;104;34;
2;Philip Amades;0,089804405;28/11/2007 20:10;16/12/2013 20:10; 1.184,00 ;1235;105;67;
3;Thomas Hariot;0,300534353;26/07/1914 22:53;30/04/1921 22:53; 7.760,66 ;1899;100;39;
4;Acton Souza;0,840957202;23/02/1978 10:03;21/07/1984 10:03; 6.468,77 ;919;102;86;
5;Edward Stafford;0,955258028;24/03/1983 05:02;11/04/1989 05:02; 2.085,97 ;1787;101;115;
6;Thomas Luddington;0,385274718;28/03/1901 21:02;01/01/1908 21:02; 6.963,62 ;1696;104;56;
7;Maruyn Souza;0,183253233;07/12/1970 01:32;04/05/1977 01:32; 3.779,13 ;1092;109;96;
8;Gardyner Souza;0,402320044;02/10/1952 09:55;08/07/1959 09:55; 6.624,44 ;1018;103;107;
9;Vaughan Souza;0,786659949;24/12/1980 00:26;06/02/1988 00:26; 9.472,91 ;353;110;106;
10;Kendall Gentleman Souza;0,412028959;11/01/1904 10:20;21/09/1909 10:20; 1.900,23 ;1553;105;118;
11;Prideox Pedroso;0,325148779;19/08/2007 16:27;14/01/2014 16:27; 3.535,77 ;1703;100;48;
12;Robert Holecroft;0,491487506;16/01/1953 02:37;27/09/1958 02:37; 3.391,57 ;1408;109;53;
13;Rise Courtenay;0,659955088;21/06/1986 20:57;26/03/1993 20:57; 8.554,04 ;727;106;90;
14;Hugh Rogers;0,792283896;20/09/1999 14:23;15/02/2006 14:23; 3.335,90 ;1278;106;50;
15;Thomas Foxe;0,40064487;02/01/1917 18:42;06/05/1922 18:42; 4.598,13 ;715;101;109;
16;Edward Nugen;0,214685861;19/06/1971 14:29;01/08/1978 14:29; 4.885,54 ;1425;100;84;
17;Darby Glande;0,260194263;26/10/1933 20:00;08/12/1940 20:00; 8.129,53 ;137;109;127;
18;Edward Kelle;0,702771801;20/07/1950 11:28;24/04/1957 11:28; 8.371,72 ;1333;108;54;
19;Iohn Gostigo;0,932199816;17/10/1949 00:28;22/07/1956 00:28; 2.982,07 ;1094;106;68;
20;Erasmus Clefs;0,085695985;20/11/1956 18:56;18/04/1963 18:56; 8.263,12 ;1047;104;89;
21;Edward Ketcheman;0,304563947;17/09/2008 00:09;29/05/2014 00:09; 4.054,96 ;724;106;102;
22;Iohn Linsey;0,80327112;04/07/1986 19:40;22/07/1992 19:40; 7.200,25 ;522;109;45;
23;Thomas Rottenbury;0,04340807;26/02/1912 23:33;06/11/1917 23:33; 4.118,51 ;1198;107;122;
24;Roger Deane;0,162716686;08/12/1945 07:19;11/04/1951 07:19; 2.685,08 ;1290;102;53;
25;Iohn Harris;0,062906889;07/10/1973 23:21;08/02/1979 23:21; 2.529,04 ;575;103;101;
26;Frauncis Norris;0,130084232;11/02/2004 15:44;14/06/2009 15:44; 8.908,08 ;1537;103;65;
27;Mathewe Lyne;0,663255352;19/12/1900 07:51;01/02/1908 07:51; 358,00 ;353;110;61;
28;Edward Kettell;0,241828666;07/03/1984 17:49;20/04/1991 17:49; 7.987,32 ;1933;107;100;
29;Thomas Wisse;0,532985485;12/07/1928 05:30;13/11/1933 05:30; 3.148,86 ;124;110;71;
30;Robert Biscombe;0,919408467;09/04/1902 17:55;22/05/1909 17:55; 5.345,09 ;1760;106;112;
31;William Backhouse;0,722727174;06/09/1928 05:37;08/01/1934 05:37; 5.403,16 ;386;103;97;
32;William White;0,588069537;13/10/1909 21:23;24/06/1915 21:23; 3.609,15 ;362;108;31;
33;Henry Potkin;0,443621041;17/03/1946 22:14;04/04/1952 22:14; 3.918,33 ;1218;100;105;
34;Dennis Barnes;0,296827656;14/12/1937 21:42;26/01/1945 21:42; 2.029,05 ;163;110;54;
35;Ioseph Borges;0,074935674;18/05/1991 02:44;05/06/1997 02:44; 2.233,97 ;1753;102;63;
36;Doughan Gannes;0,885407218;03/02/1990 09:03;15/10/1995 09:03; 4.615,47 ;1722;101;45;
37;Joachim Gans;0,019352731;06/08/1945 09:37;18/09/1952 09:37; 7.858,77 ;660;100;119;
38;William Tenche;0,760485589;27/06/1946 10:36;01/04/1953 10:36; 8.935,18 ;1063;100;97;
39;Randall Latham;0,557786895;01/11/1994 02:29;12/07/2000 02:29; 3.244,14 ;761;109;104;
40;Thomas Hulme;0,883527685;28/08/1973 01:26;30/12/1978 01:26; 3.932,69 ;596;109;70;
41;Walter Myll;0,046231608;12/08/1905 03:39;14/12/1910 03:39; 3.920,48 ;1455;109;104;
42;Richard Gilbert;0,715967524;07/07/1980 08:26;08/11/1985 08:26; 2.111,26 ;1872;102;83;
43;Steuen Pomarie;0,370440057;23/07/1978 05:24;10/08/1984 05:24; 3.466,23 ;1626;103;102;
44;Iohn Brocke;0,480117501;16/04/1942 10:12;19/01/1949 10:12; 9.402,16 ;1089;101;26;
45;Bennet Harrye;0,163968072;27/07/1992 08:39;15/08/1998 08:39; 3.878,34 ;663;107;43;
46;Iames Stevenson;0,722422093;06/10/2000 17:57;12/07/2007 17:57; 7.125,44 ;429;108;66;
47;Charles Stevenson;0,797369701;26/07/1965 19:42;30/04/1972 19:42; 1.543,65 ;1271;110;55;
48;Christopher Lowde;0,113266386;16/05/1910 10:28;28/06/1917 10:28; 9.194,39 ;1802;100;128;
49;Ieremie Man;0,180815264;25/08/1924 14:25;27/12/1929 14:25; 8.906,94 ;1810;110;7;
50;Iames Mason;0,233983429;16/06/1987 05:25;21/03/1994 05:25; 87,01 ;1857;104;126;
51;Dauvid Salter;0,576547457;05/11/1943 15:36;10/08/1950 15:36; 1.494,18 ;903;100;16;
52;Richard Ireland;0,818175142;13/12/1952 22:57;01/01/1959 22:57; 9.676,76 ;519;105;56;
53;Thomas Bookener;0,968258707;03/06/1975 12:27;08/03/1982 12:27; 5.417,99 ;1086;107;32;
54;William Philippes;0,031542296;05/08/1942 02:33;23/08/1948 02:33; 7.481,55 ;1620;108;89;
55;Randall Mayne;0,805785211;16/12/1922 20:47;18/04/1928 20:47; 2.938,64 ;1115;110;30;
56;Thomas Harvye;0,042729196;23/01/1920 13:25;28/10/1926 13:25; 7.439,01 ;1207;110;46;
57;Snelling Souza;0,045197286;09/07/1939 20:40;13/04/1946 20:40; 6.711,00 ;1895;108;15;
58;Anthony Russe;0,776697255;14/06/1926 10:46;23/02/1932 10:46; 7.335,07 ;1687;107;127;
59;Allyne Souza;0,151386066;22/09/2010 06:59;02/06/2016 06:59; 466,91 ;1598;107;65;
60;Michel Polyson;0,831055297;08/01/1981 03:03;12/05/1986 03:03; 2.237,46 ;1765;101;107;
61;Iohn Cage;0,632781376;17/06/1999 20:40;25/02/2005 20:40; 9.839,05 ;1479;108;61;
62;Thomas Parre;0,897567179;03/04/1936 03:24;13/12/1941 03:24; 2.124,79 ;1489;108;63;
63;William Randes;0,048855899;29/11/1958 12:52;03/09/1965 12:52; 6.910,95 ;676;108;38;
64;Geffery Churchman;0,963254145;31/03/1957 19:17;13/05/1964 19:17; 8.919,59 ;1625;108;114;
65;William Farthowe;0,958924448;02/09/1934 06:41;15/10/1941 06:41; 9.813,50 ;1799;102;126;
66;Iohn Taylor;0,858293693;14/12/1999 16:31;01/01/2006 16:31; 5.878,85 ;548;101;18;
67;Philppe Robyns;0,784140518;14/01/1946 21:41;02/02/1952 21:41; 7.184,59 ;1789;110;31;
68;Thomas Phillippes;0,941694777;07/10/1991 04:39;17/06/1997 04:39; 4.107,98 ;232;107;94;
69;Valentine Beale;0,960645281;25/01/1910 03:20;30/10/1916 03:20; 6.233,90 ;1986;102;116;
70;Iames Skinner;0,445742271;11/05/2007 12:38;06/10/2013 12:38; 7.914,31 ;1964;106;114;
71;George Eseuen;0,55413786;30/01/2002 17:11;11/10/2007 17:11; 2.110,33 ;1413;110;85;
72;John Chaundeler;0,718634029;28/08/1955 16:46;10/10/1962 16:46; 8.179,90 ;1664;109;54;
73;Philip Blunt;0,821756229;30/06/1963 09:31;31/10/1968 09:31; 8.450,70 ;1326;104;28;
74;Richard Poore;0,912171013;17/02/1938 18:50;07/03/1944 18:50; 4.225,21 ;323;104;92;
75;Robert Yong;0,330386355;22/09/1903 03:22;02/06/1909 03:22; 2.870,81 ;501;103;116;
76;Marmaduke Constable;0,194399822;19/04/1911 03:21;14/09/1917 03:21; 8.850,82 ;522;104;79;
77;Thomas Hesket;0,221122166;18/05/1900 12:59;01/07/1907 12:59; 3.608,90 ;871;110;100;
78;William Wasse;0,97786918;08/04/1976 18:40;18/12/1981 18:40; 9.716,59 ;1245;105;22;
79;Iohn Feuer;0,528122834;17/04/1951 22:04;26/12/1956 22:04; 8.646,36 ;980;100;81;
80;Daniel Silva;0,591059123;07/12/1969 01:49;19/01/1977 01:49; 3.368,50 ;296;103;6;
81;Thomas Taylor;0,774864055;11/01/1997 17:07;24/02/2004 17:07; 5.563,03 ;736;110;10;
82;Richard Humfrey;0,827934547;13/09/1993 18:26;09/02/2000 18:26; 5.941,36 ;602;109;108;
83;Iohn Wright;0,506366885;21/10/1979 21:19;21/02/1985 21:19; 1.968,77 ;499;108;68;
84;Gabriell North;0,293475639;25/02/1928 09:34;09/04/1935 09:34; 4.128,95 ;219;110;46;
85;Bennet Chappell;0,502376957;09/05/1954 04:42;27/05/1960 04:42; 1.180,84 ;673;102;30;
86;Richard Sare;0,771519114;07/05/1922 23:10;02/10/1928 23:10; 7.096,77 ;460;102;63;
87;Iames Lasie;0,854426428;28/12/1900 16:34;03/10/1907 16:34; 9.089,95 ;1025;102;82;
88;Smolkin Silva;0,941683752;05/09/1936 17:31;24/09/1942 17:31; 344,82 ;1105;107;57;
89;Thomas Smart;0,55616534;21/10/1993 18:49;09/11/1999 18:49; 6.366,85 ;1466;110;127;
90;Robert Silva;0,913258037;06/01/1997 11:38;19/02/2004 11:38; 5.848,85 ;920;104;125;
91;Iohn Evans;0,948201329;18/03/1968 00:07;01/05/1975 00:07; 8.921,86 ;1654;109;7;
92;Roger Large;0,148675607;18/02/1966 17:28;16/07/1972 17:28; 6.783,37 ;1508;106;12;
93;Humfrey Garden;0,241755068;22/07/1985 12:24;26/04/1992 12:24; 1.431,03 ;712;102;66;
94;Frauncis Whitton;0,317847882;15/02/1981 20:33;21/11/1987 20:33; 9.661,28 ;1399;100;83;
95;Rowland Griffyn;0,80679512;02/04/1998 13:17;04/08/2003 13:17; 1.004,09 ;1085;104;18;
96;William Millard;0,79101672;03/12/1938 07:30;30/04/1945 07:30; 6.739,80 ;1912;108;18;
97;Iohn Twyt White;0,594243783;24/06/1906 01:47;12/07/1912 01:47; 6.604,01 ;1193;103;24;
98;Edwarde Seklemore;0,34584075;31/10/1954 14:15;05/08/1961 14:15; 8.745,78 ;441;108;61;
99;Iohn Anwike;0,647606217;05/05/1937 11:13;14/01/1943 11:13; 869,53 ;835;109;102;
100;Christopher Marshall;0,33072751;24/04/1921 13:55;13/05/1927 13:55; 815,94 ;1684;108;7;
101;Dauid Williams;0,134718073;10/08/2007 02:34;05/01/2014 02:34; 699,47 ;1671;105;117;
102;Nicholas Swabber;0,176461441;28/05/1987 05:37;05/02/1993 05:37; 7.962,41 ;1640;106;130;
103;Edward Chipping;0,468706503;25/09/1971 12:40;13/10/1977 12:40; 1.360,64 ;752;110;19;
104;Syluester Beching;0,364761517;06/06/1958 12:05;24/06/1964 12:05; 2.704,73 ;1679;102;131;
105;Vincent Cheyne;0,90994554;08/09/1960 01:50;27/09/1966 01:50; 6.023,82 ;283;106;58;
106;Haunce Walters;0,208262389;25/09/1953 21:06;06/06/1959 21:06; 8.669,73 ;1381;104;125;
107;Edward Barecombe;0,533675054;29/02/1940 05:30;13/04/1947 05:30; 3.887,04 ;186;104;86;
108;Thomas Skeuelabs;0,019235876;29/10/1936 01:52;04/08/1943 01:52; 1.755,36 ;943;103;48;
109;William Walters ;0,797715755;08/06/1989 09:32;21/07/1996 09:32; 3.165,17 ;204;103;28;
110;José da Silva;0,031897902;19/10/1961 23:23;07/11/1967 23:23; 7.770,70 ;213;103;77;
111;Maria Rosária;0,167946809;06/06/1998 06:27;11/03/2005 06:27; 5.103,57 ;1353;100;34;
112;Maria José Silva;0,126897928;29/12/1919 01:47;10/02/1927 01:47; 3.839,71 ;771;105;105;
113;Robson Nogueira;0,748906434;30/10/1905 02:17;27/03/1912 02:17; 2.286,31 ;1825;108;50;
114;Manuel Alves;0,506976768;23/07/1990 12:26;24/11/1995 12:26; 5.214,70 ;919;102;63;
115;Pedro Marinho;0,166754081;16/03/1925 12:26;28/04/1932 12:26; 4.667,64 ;579;101;81;
116;Walter Ralegh;0,715003099;02/10/1989 20:38;07/07/1996 20:38; 4.076,28 ;209;104;18;
117;Christopher Hatton;0,968330465;28/10/1970 22:49;08/07/1976 22:49; 5.177,01 ;286;102;63;
118;Francis Walsingham Philip Sidney;0,249318947;02/07/1988 21:22;21/07/1994 21:22; 5.417,63 ;1035;102;90;
119;William Courtnay;0,827583828;08/06/1923 10:14;26/06/1929 10:14; 1.113,79 ;259;104;88;
120;William Mohun;0,902638511;29/09/1951 00:07;30/01/1957 00:07; 7.909,78 ;1595;101;75;
121;John White, painter;0,225304065;27/08/1918 02:11;22/01/1925 02:11; 7.454,96 ;885;109;50;
122;Richard Grenville;0,402742538;20/10/1939 16:41;07/11/1945 16:41; 2.176,51 ;220;103;132;
123;Simon Fernandez;0,047414362;26/09/1948 23:02;22/02/1955 23:02; 1.045,35 ;1581;108;5;
124;John Clarke Roebuck;0,800465308;29/09/2000 01:24;25/02/2007 01:24; 7.210,65 ;425;102;45;
125;George Raymond;0,789841718;26/03/1974 20:36;28/07/1979 20:36; 3.168,93 ;1633;102;128;
126;Thomas Cavendish;0,502594952;03/02/1902 14:37;15/10/1907 14:37; 2.461,50 ;1155;102;38;
127;Arthur Barlowe;0,294118576;02/06/1907 21:23;20/06/1913 21:23; 6.998,51 ;1355;102;91;
128;Boniten Souza;0,518364631;26/11/1928 09:13;09/01/1936 09:13; 9.232,04 ;250;109;119;
129;Aubry Souza;0,324773907;01/02/1997 22:51;30/06/2003 22:51; 1.712,56 ;1101;102;66;
130;John Arundell;0,992759071;07/11/1986 12:39;18/07/1992 12:39; 6.075,67 ;458;109;118;
131;John Stukely;0,444332478;30/05/1957 01:09;04/03/1964 01:09; 5.148,62 ;887;107;132;
132;Edward Gorges;0,776429971;23/11/1961 15:51;05/01/1969 15:51; 8.943,93 ;1632;109;36;
133;Bremige Souza;0,994382066;18/07/2006 09:44;22/04/2013 09:44; 673,25 ;1075;105;128;
134;Vincent Souza;0,183336206;25/08/1986 00:50;12/09/1992 00:50; 655,64 ;580;108;91;
135;John Copeltope;0,165861649;15/12/1983 16:50;19/09/1990 16:50; 9.031,22 ;1109;110;19;
136;Edward Scrivener;0,898505501;07/08/1963 06:55;17/04/1969 06:55; 2.183,41 ;783;106;33;
137;Granganimeo Silva;0,014884229;06/02/1912 13:18;04/07/1918 13:18; 5.927,02 ;1062;106;61;
138;Manteo Silva;0,170950904;06/05/1905 18:40;07/09/1910 18:40; 1.381,84 ;1179;100;52;
139;Richard Hakluyt;0,213930785;03/03/1980 23:49;16/04/1987 23:49; 8.197,62 ;711;103;133;
140;Alonzo Cornieles;0,007628753;29/12/2007 08:36;10/02/2015 08:36; 9.481,87 ;1627;103;115;
141;Enrique Lopez;0,504757012;05/09/1971 14:57;10/06/1978 14:57; 5.724,09 ;218;103;18;
142;Bernard Drake;0,719948778;15/09/1983 23:13;16/01/1989 23:13; 1.497,33 ;1513;104;77;
143;Amyas Preston;0,106396318;06/11/2005 17:33;10/03/2011 17:33; 898,21 ;1898;109;13;
144;Andrew Fulforde;0,133748634;12/10/1969 02:08;23/06/1975 02:08; 2.564,57 ;504;103;126;
145;Marvin Gentleman;0,377098959;03/10/1930 06:22;21/10/1936 06:22; 9.660,66 ;487;100;110;
146;Kendall Gentleman;0,391074791;17/01/1985 07:31;01/03/1992 07:31; 9.903,53 ;1822;109;91;
147;Wingina Silva;0,80719615;11/10/1950 17:57;16/07/1957 17:57; 4.030,60 ;1948;103;23;
148;Atkinson Walsingham;0,043322373;17/08/1932 16:13;13/01/1939 16:13; 9.788,11 ;1040;104;87;
149;Russell Walsingham;0,912130819;28/12/2002 20:49;25/05/2009 20:49; 4.206,56 ;505;109;121;
150;Mary Master;0,176722182;08/09/1986 16:56;03/02/1993 16:56; 2.084,87 ;1124;107;116;
151;Francis Brooke;0,308669109;23/09/2004 07:39;06/11/2011 07:39; 5.387,61 ;536;108;87;
152;John Stubbe;0,173843595;14/09/1987 23:02;02/10/1993 23:02; 4.640,22 ;1813;105;98;
153;Peregrine Bertie;0,850519943;05/07/1968 01:42;18/08/1975 01:42; 9.059,90 ;303;110;43;
154;Martin Laurentson;0,534527481;13/09/2005 03:50;25/05/2011 03:50; 681,09 ;1710;108;82;
155;Diego Menendez de Valdes ;0,359916268;21/12/1959 12:02;23/04/1965 12:02; 7.352,14 ;274;100;2;
156;Walter Baily;0,317038333;19/03/1931 04:56;27/11/1936 04:56; 6.152,88 ;1698;102;101;
157;George Barton;0,767264016;10/08/1903 05:53;20/04/1909 05:53; 6.906,60 ;524;101;64;
158;Walter Bigges;0,660456978;29/05/1929 12:04;30/09/1934 12:04; 8.525,03 ;1064;105;48;
159;Bitfield Souza;0,06490855;28/09/1978 19:19;10/11/1985 19:19; 8.824,59 ;886;101;101;
160;Baptista Boazio Gentleman;0,639602162;11/03/1991 06:56;29/03/1997 06:56; 4.924,23 ;1196;106;133;
161;Edward Careless als Wright;0,53392706;11/08/2004 10:19;17/05/2011 10:19; 7.689,87 ;1941;109;45;
162;Christopher Carleill;0,434897231;14/03/1990 03:01;09/08/1996 03:01; 9.392,99 ;1874;110;88;
163;Lieutenant Thomas Cates;0,233216668;22/02/1993 00:10;06/04/2000 00:10; 4.457,71 ;1673;109;35;
164;William Cecil;0,997320371;05/12/1911 23:16;02/05/1918 23:16; 7.702,19 ;1787;104;73;
165;Thomas Cely;0,920152598;01/06/1944 06:32;15/07/1951 06:32; 7.495,05 ;277;110;18;
166; Cottell Souza;0,536660112;15/08/1931 18:18;25/04/1937 18:18; 846,23 ;378;104;86;
167;Lieutenant Croftes;0,708010397;26/02/1975 01:21;10/04/1982 01:21; 8.036,92 ;884;110;129;
168;Robert Crosse;0,764836187;22/04/1950 16:53;17/09/1956 16:53; 1.850,63 ;1636;107;53;
169;Francis Drake;0,063370577;17/08/2005 13:19;19/12/2010 13:19; 8.621,39 ;1452;104;107;
170;Thomas Drake;0,330034301;27/03/1982 12:50;29/07/1987 12:50; 2.824,05 ;288;107;43;
171;James Erisey;0,250339051;10/09/1942 02:42;23/10/1949 02:42; 3.995,15 ;1213;105;11;
172;Thomas Fenner;0,091107738;30/05/1906 00:02;17/06/1912 00:02; 1.879,02 ;105;103;27;
173;George Fortescue;0,379277471;06/10/1979 03:23;16/06/1985 03:23; 2.911,29 ;377;110;80;
174;Martin Frobisher;0,669476214;05/06/1972 20:21;01/11/1978 20:21; 5.049,87 ;944;103;87;
175;Edward Gilman;0,477250365;18/03/2000 04:20;01/05/2007 04:20; 6.170,20 ;1422;107;67;
176;John Goring;0,16819375;06/04/1988 17:25;08/08/1993 17:25; 8.715,97 ;1749;104;78;
177;John Grant;0,365777971;06/02/1909 23:43;05/07/1915 23:43; 2.636,89 ;1885;109;12;
178;John Grenville;0,347899541;20/03/1913 03:34;24/12/1919 03:34; 5.569,42 ;1431;108;17;
179;Fulke Greville;0,471532337;17/10/1962 08:31;22/07/1969 08:31; 1.720,14 ;481;102;115;
180;John Hampton;0,619042232;10/08/2005 01:58;21/04/2011 01:58; 8.663,47 ;816;104;109;
181;John Hannam;0,393560902;22/09/1984 03:21;11/10/1990 03:21; 933,74 ;188;101;131;
182;Richard Hawkins;0,115353544;22/12/1987 09:27;03/02/1995 09:27; 6.210,12 ;941;104;129;
183;William Hawkins Silva;0,051988427;31/05/1967 05:36;13/07/1974 05:36; 157,27 ;544;102;18;
184;William Hawkins Souza;0,696550615;15/04/1992 19:05;29/05/1999 19:05; 544,09 ;990;104;89;
185;Henley Souza;0,066597021;25/01/2007 19:04;12/02/2013 19:04; 8.580,89 ;943;104;44;
186;Griffith Herne;0,01456794;27/03/1942 15:51;30/12/1948 15:51; 6.767,13 ;259;100;72;
187;Jonas Herne;0,367232358;10/05/2010 19:04;22/06/2017 19:04; 3.468,41 ;1143;100;91;
188;Abraham Kendall;0,026181139;25/05/1966 08:26;07/07/1973 08:26; 1.500,83 ;101;107;55;
189;Francis Knollys;0,083309279;06/01/2008 19:17;09/05/2013 19:17; 6.225,16 ;1194;108;82;
190;John Marchant;0,63531556;20/10/1977 01:03;08/11/1983 01:03; 5.537,24 ;1199;103;79;
191;John Martin;0,503094723;12/09/1903 00:45;17/06/1910 00:45; 1.323,44 ;1695;101;74;
192;Thomas Moone;0,839662204;14/03/2007 21:42;17/12/2013 21:42; 2.268,39 ;1406;101;102;
193;Matthew Morgan;0,114132827;30/12/1961 21:13;18/01/1968 21:13; 7.319,76 ;1073;104;110;
194;Philip Nicholls, chaplain;0,533479187;17/09/1969 19:27;30/10/1976 19:27; 8.451,39 ;857;110;53;
195;Robert Pew;0,242718984;29/04/1933 23:51;11/06/1940 23:51; 7.906,73 ;1268;101;98;
196;Anthony Platt;0,285346795;13/06/1902 19:30;18/03/1909 19:30; 3.188,08 ;123;105;61;
197;Anthony Powell;0,650721757;05/04/1905 02:43;09/01/1912 02:43; 11,26 ;1275;104;48;
198;Edward Powell;0,494369158;05/04/1913 05:04;24/04/1919 05:04; 9.897,69 ;1878;106;64;
199;John Rivers;0,604849054;21/02/1982 20:41;05/04/1989 20:41; 8.502,91 ;479;100;72;
200;John Sampson;0,05501988;25/11/1953 13:56;07/01/1961 13:56; 4.322,09 ;1519;103;5;
201;Philip Sparrowe;0,579053816;16/10/1976 03:59;27/06/1982 03:59; 2.307,84 ;108;102;117;
202;Richard Stanton;0,893351742;27/04/1990 20:12;30/01/1997 20:12; 264,51 ;1974;105;99;
203;John Varney;0,871586853;11/12/2007 05:50;08/05/2014 05:50; 1.773,30 ;1271;103;40;
204;John Vaughan;0,405787154;14/05/2010 09:40;23/01/2016 09:40; 2.167,76 ;1600;108;29;
205;Lieutenant Waterhouse;0,057210696;22/06/1967 04:54;27/03/1974 04:54; 7.890,21 ;771;100;81;
206;Henry Whyte;0,874439022;15/01/1942 20:57;12/06/1948 20:57; 5.642,91 ;510;103;21;
207;John Wilson;0,059378995;10/04/2007 15:58;05/09/2013 15:58; 3.688,94 ;763;101;117;
208;Edward Wynter;0,142817468;24/07/1973 01:20;28/04/1980 01:20; 2.315,15 ;1950;107;57;
209;Nicholas Winter Gentleman;0,208959822;29/03/1965 15:33;25/08/1971 15:33; 862,42 ;1260;101;46;
210;Robert Alexander;0,763763469;28/02/1918 16:48;26/07/1924 16:48; 9.447,61 ;918;108;91;
211;Annes Gentleman;0,100834886;27/12/1903 18:34;06/09/1909 18:34; 5.953,57 ;946;109;125;
212;Ardle Gentleman;0,135366542;04/05/1947 06:04;04/09/1952 06:04; 3.976,22 ;1156;105;106;
213;Mr Burke, soldier;0,284199178;01/06/1976 08:21;10/02/1982 08:21; 5.097,98 ;675;110;67;
214;Alexander Carleill;0,79740328;02/03/1987 03:46;14/04/1994 03:46; 6.692,00 ;783;106;31;
215;George Cavendish;0,232789212;14/06/1930 05:24;09/11/1936 05:24; 5.765,63 ;1091;109;98;
216;Chamberlain Gentleman;0,984762949;08/04/2004 16:03;18/12/2009 16:03; 1.906,97 ;1396;102;86;
217;James Dier;0,309505537;13/05/1932 08:14;26/06/1939 08:14; 7.747,46 ;1767;110;62;
218;Peter Duke;0,231044337;17/06/1901 21:29;30/07/1908 21:29; 376,73 ;494;106;77;
219;Lieutenant Escot;0,211559903;05/01/1974 08:05;02/06/1980 08:05; 885,37 ;620;106;53;
220;Lieutenant Ketill;0,271267392;19/06/1925 11:48;01/08/1932 11:48; 3.003,97 ;114;107;99;
221;Longe Gentleman;0,384413914;22/08/2002 00:29;17/01/2009 00:29; 7.255,52 ;1524;104;101;
222;John Newsome;0,142288654;11/12/1969 07:55;22/08/1975 07:55; 5.004,73 ;367;108;1;
223;Thomas Ogle Steward;0,411315734;04/04/1933 10:34;06/08/1938 10:34; 948,55 ;1361;102;107;
224;Mr Scroope;0,391722766;20/12/1939 14:59;22/04/1945 14:59; 5.661,07 ;1211;110;121;
225;Lieutenant Alexander Starkey;0,250537413;08/12/1965 16:04;12/09/1972 16:04; 7.493,27 ;1333;110;83;
226;Thorowgood Gentleman;0,175826001;09/08/1948 03:12;22/09/1955 03:12; 7.169,92 ;1608;104;48;
227;Lieutenant Thomas Tucker;0,117213731;19/02/1907 15:02;09/03/1913 15:02; 8.155,62 ;427;109;119;
228;Lieutenant Vincent;0,646313233;12/05/1962 02:54;21/01/1968 02:54; 4.493,73 ;1891;110;15;
229;Willis Gentleman;0,32936758;30/05/1989 04:47;26/10/1995 04:47; 2.830,54 ;1752;107;46;
230;John White, Governor;0,030719619;01/03/1982 04:00;03/07/1987 04:00; 1.062,21 ;1622;108;58;
231;Roger Bailie Silva;0,37109757;21/11/1901 16:12;02/08/1907 16:12; 1.136,51 ;1362;104;51;
232;Ananias Dare Silva;0,023486818;08/10/1905 02:02;19/06/1911 02:02; 9.275,00 ;1473;101;82;
233;Christopher Cooper Silva;0,466183279;24/12/1923 05:30;21/05/1930 05:30; 1.330,72 ;1462;110;49;
234;Thomas Stevens Silva;0,687795029;05/01/1928 18:05;15/09/1933 18:05; 2.012,10 ;1878;103;132;
235;John Sampson Silva;0,04981789;27/11/1974 03:40;24/04/1981 03:40; 4.830,86 ;1383;107;132;
236;Dyonis Harvie Silva;0,344331998;08/08/2003 08:28;20/09/2010 08:28; 489,64 ;1193;100;44;
237;Roger Prat Silva;0,827613255;17/10/2005 12:37;14/03/2012 12:37; 8.805,83 ;611;101;28;
238;George Howe Silva;0,49605574;02/02/1945 09:11;08/11/1951 09:11; 3.355,31 ;727;106;31;
239;Nicholas Johnson;0,878324784;17/03/1960 20:04;21/12/1966 20:04; 7.036,94 ;1768;101;23;
240;Thomas Warner;0,094607384;29/12/1953 10:42;26/05/1960 10:42; 642,64 ;104;100;111;
241;Anthony Cage;0,008436571;09/12/1998 15:30;27/12/2004 15:30; 8.916,88 ;1651;108;92;
242;John Jones;0,301009813;20/02/1946 16:48;10/03/1952 16:48; 3.240,55 ;1128;108;126;
243;John Tydway;0,188068856;29/08/1974 17:50;31/12/1979 17:50; 5.861,77 ;190;110;119;
244;Ambrose Viccars;0,282425759;22/03/1967 19:17;30/11/1972 19:17; 7.476,45 ;379;102;73;
245;Edmond English;0,222934443;20/04/2000 06:37;24/01/2007 06:37; 3.654,62 ;520;100;24;
246;Thomas Topan;0,301078541;30/12/1931 19:20;02/05/1937 19:20; 4.623,02 ;1747;100;127;
247;Henry Berrye;0,935045036;09/05/1994 22:57;18/01/2000 22:57; 8.249,98 ;483;110;126;
248;Richard Berrye;0,601707274;30/04/1940 19:53;19/05/1946 19:53; 8.544,41 ;1326;104;38;
249;John Spendlove;0,381299769;18/08/1917 17:32;06/09/1923 17:32; 6.960,86 ;404;105;99;
250;John Hemmington;0,295747439;16/03/2000 09:52;04/04/2006 09:52; 9.818,40 ;1691;107;82;
251;Thomas Butler;0,351448637;30/04/1930 18:31;18/05/1936 18:31; 9.674,76 ;1780;106;47;
252;Edward Powell;0,6271743;04/07/1976 11:17;30/11/1982 11:17; 5.488,70 ;676;107;131;
253;John Burden;0,920778901;02/06/1916 06:21;11/02/1922 06:21; 5.516,78 ;1688;103;31;
254;James Hynde;0,497280049;13/01/1972 05:33;25/02/1979 05:33; 1.638,62 ;1490;110;104;
255;Thomas Ellis;0,743611345;07/09/1911 05:18;25/09/1917 05:18; 7.845,15 ;1503;107;86;
256;William Browne;0,937769177;24/01/1995 07:24;08/03/2002 07:24; 586,22 ;1200;102;68;
257;Michael Myllet;0,34435887;26/04/1969 16:38;15/05/1975 16:38; 8.228,50 ;579;102;9;
258;Thomas Smith;0,389652228;06/08/1933 19:58;18/09/1940 19:58; 6.011,95 ;1646;108;74;
259;Richard Kemme;0,208498023;06/04/1909 10:02;25/04/1915 10:02; 2.659,84 ;1952;105;63;
260;Thomas Harris;0,804220899;07/04/1975 03:04;10/01/1982 03:04; 5.661,84 ;1084;103;71;
261;Richard Taverner;0,352505572;12/05/2003 20:00;30/05/2009 20:00; 6.655,72 ;254;102;81;
262;John Earnest;0,6565304;12/12/1991 02:02;14/04/1997 02:02; 316,80 ;527;106;20;
263;Henry Johnson;0,460062352;26/08/2008 23:39;22/01/2015 23:39; 3.107,89 ;1729;108;112;
264;John Starte;0,6898992;22/04/1927 03:38;04/06/1934 03:38; 676,45 ;1670;101;119;
265;Richard Darige;0,653356873;05/03/1945 05:30;01/08/1951 05:30; 8.740,24 ;1207;106;61;
266;William Lucas;0,816846678;23/04/1977 10:29;25/08/1982 10:29; 4.611,03 ;402;109;76;
267;Arnold Archard;0,886397413;19/06/1927 18:09;07/07/1933 18:09; 261,84 ;762;103;110;
268;John Wright;0,98960283;15/09/1959 07:27;20/06/1966 07:27; 139,36 ;1187;102;99;
269;William Dutton;0,135672483;08/09/1940 10:37;04/02/1947 10:37; 7.558,07 ;1248;104;130;
270;Morris Allen;0,805373638;02/06/1932 16:31;29/10/1938 16:31; 3.764,66 ;1529;103;93;
271;William Waters;0,782671975;27/04/2010 23:33;30/01/2017 23:33; 6.617,00 ;1122;103;109;
272;Richard Arthur;0,419778838;26/03/1981 09:29;28/07/1986 09:29; 8.693,64 ;1530;108;37;
273;John Chapman;0,449604774;09/01/1952 11:17;14/10/1958 11:17; 4.250,31 ;1059;100;51;
274;William Clement;0,463999537;13/03/1961 14:47;22/11/1966 14:47; 5.043,19 ;1376;100;94;
275;Robert Little;0,30902177;07/03/1918 13:21;10/12/1924 13:21; 8.377,73 ;1358;100;105;
276;Hugh Tayler;0,747791167;23/12/1946 04:21;04/02/1954 04:21; 9.365,46 ;177;108;38;
277;Richard Wildye;0,847057321;30/07/1932 09:14;05/05/1939 09:14; 6.539,62 ;1411;104;115;
278;Lewes Wotton;0,475225177;20/09/1966 20:57;02/11/1973 20:57; 5.761,04 ;115;102;117;
279;Michael Bishop;0,345326395;31/05/1906 03:54;02/10/1911 03:54; 6.186,28 ;1121;110;111;
280;Henry Browne;0,048869293;15/08/1942 03:56;10/01/1949 03:56; 3.257,12 ;1212;109;107;
281;Henry Rufoote;0,983212953;14/03/1967 19:40;22/11/1972 19:40; 5.225,37 ;1045;104;10;
282;Richard Tomkins;0,057500125;03/02/1945 03:45;09/11/1951 03:45; 8.540,20 ;1800;103;131;
283;Henry Dorrell;0,308751742;25/01/1906 10:35;22/06/1912 10:35; 8.336,90 ;1206;109;124;
284;charles Florrie;0,718843875;21/02/1901 05:47;05/04/1908 05:47; 9.913,53 ;1801;101;50;
285;Henry Mylton;0,633627566;20/05/1945 05:53;21/09/1950 05:53; 3.674,71 ;708;106;102;
286;Henry Payne;0,224555258;07/02/1906 12:00;05/07/1912 12:00; 7.145,27 ;1787;105;78;
287;Thomas Harris;0,581829369;24/01/1944 12:17;21/06/1950 12:17; 8.464,53 ;716;107;120;
288;William Nicholes;0,264834231;27/11/1966 02:35;09/01/1974 02:35; 3.042,15 ;1427;103;95;
289;Thomas Phevens;0,73457457;11/12/1977 17:16;15/09/1984 17:16; 4.826,55 ;1718;110;121;
290;John Borden;0,835220954;23/09/1941 02:02;04/06/1947 02:02; 6.965,86 ;1999;109;23;
291;Thomas Scot;0,977872686;25/06/2000 10:43;06/03/2006 10:43; 9.851,95 ;1032;105;75;
292;William Willes;0,245610567;08/08/1925 07:53;20/09/1932 07:53; 9.163,55 ;142;101;49;
293;John Brooke;0,569833557;28/10/1971 12:21;25/03/1978 12:21; 291,64 ;1484;109;112;
294;Cutbert White;0,036292848;21/07/1952 11:15;22/11/1957 11:15; 7.670,18 ;688;110;123;
295;John Bright;0,518514678;07/11/1939 14:25;20/12/1946 14:25; 4.777,76 ;1390;107;42;
296;Clement Tayler;0,260021434;16/03/1918 21:56;19/12/1924 21:56; 1.318,45 ;1793;104;107;
297;William Sole;0,481607083;06/12/1971 03:01;16/08/1977 03:01; 9.612,58 ;547;110;123;
298;John Cotsmur;0,689066511;20/09/1951 18:40;02/11/1958 18:40; 1.525,72 ;1108;107;107;
299;Humfrey Newton;0,856837591;17/08/2003 06:48;27/04/2009 06:48; 6.451,71 ;881;105;81;
300;Thomas Colman;0,167141677;12/11/1995 06:03;25/12/2002 06:03; 1.282,29 ;1812;103;105;
301;Thomas Gramme;0,215458758;16/10/1902 15:12;21/07/1909 15:12; 2.787,91 ;787;108;8;
302;Marke Bennet;0,969590613;29/01/1910 21:48;13/03/1917 21:48; 4.848,26 ;1501;104;22;
303;John Gibbes;0,895290739;09/10/1986 04:06;19/06/1992 04:06; 8.474,59 ;839;100;8;
304;John Stilman;0,470315015;04/09/1986 16:38;09/06/1993 16:38; 6.143,93 ;1918;104;30;
305;Robert Wilkinson;0,186901472;06/01/1974 00:19;11/10/1980 00:19; 5.776,90 ;937;101;73;
306;Peter Little;0,144621624;07/01/1963 17:25;10/05/1968 17:25; 251,26 ;210;103;22;
307;John Wyles;0,560010734;17/01/1987 17:30;04/02/1993 17:30; 1.169,62 ;794;106;67;
308;Brian Wyles;0,532040159;17/11/1948 17:50;21/03/1954 17:50; 167,87 ;275;105;60;
309;George Martyn;0,767631539;18/01/1949 01:54;06/02/1955 01:54; 166,68 ;1178;100;118;
310;Hugh Pattenson;0,068243253;02/04/1982 05:28;15/05/1989 05:28; 9.673,20 ;1417;103;59;
311;Martyn Sutton;0,656480494;14/10/1917 13:22;19/07/1924 13:22; 9.698,53 ;876;106;93;
312;John Farre;0,246563176;23/05/1915 02:55;31/01/1921 02:55; 8.966,22 ;737;102;19;
313;John Bridger;0,378462292;24/10/2001 15:41;05/07/2007 15:41; 8.795,46 ;1369;107;101;
314;Griffen Jones;0,019258089;10/08/1980 17:06;23/09/1987 17:06; 906,65 ;1218;105;39;
315;Richard Shaberdge;0,503926013;12/04/1976 07:21;08/09/1982 07:21; 7.193,36 ;639;102;108;
316;James Lasie;0,094657546;31/10/1902 01:56;11/07/1908 01:56; 5.488,05 ;729;103;116;
317;John Cheven;0,191215719;16/04/1907 01:47;29/05/1914 01:47; 3.869,48 ;1281;103;7;
318;Thomas Hewet;0,092641376;07/07/1911 18:16;17/03/1917 18:16; 8.043,89 ;301;102;48;
319;William Berde ;0,499966587;02/05/1975 14:38;04/02/1982 14:38; 3.861,31 ;1967;101;70;
320;Elyoner Dare;0,414316505;28/01/1911 22:02;12/03/1918 22:02; 6.204,65 ;1489;101;39;
321;Margery Harvie;0,747506307;16/08/1952 23:49;27/04/1958 23:49; 4.736,05 ;796;108;63;
322;Agnes Wood;0,791889478;17/02/2007 20:05;15/07/2013 20:05; 2.067,91 ;168;104;73;
323;Wenefrid Powell;0,74460399;10/06/1970 10:24;19/02/1976 10:24; 7.632,94 ;1707;108;118;
324;Joyce Archard;0,727293378;23/10/1935 09:22;10/11/1941 09:22; 552,75 ;401;100;2;
325;Jane Jones;0,977999661;05/07/1981 05:15;09/04/1988 05:15; 5.901,48 ;1826;100;16;
326;Elizabaeth Glane;0,32248518;24/02/1982 17:47;22/07/1988 17:47; 1.440,14 ;107;105;73;
327;Jane Pierce;0,924665063;01/12/2006 19:26;28/04/2013 19:26; 3.255,72 ;1511;109;24;
328;Audry Tappan;0,39246812;11/08/1956 01:03;22/04/1962 01:03; 1.204,32 ;1620;102;84;
329;Alis Chapman;0,317697679;26/10/1903 09:16;08/12/1910 09:16; 4.529,34 ;1550;102;12;
330;Emme Merrimoth;0,156643427;08/01/1936 06:55;26/01/1942 06:55; 6.035,05 ;608;100;14;
331;Margaret Lawrence;0,079333468;12/04/1976 09:06;08/09/1982 09:06; 646,31 ;1643;105;128;
332;Joan Warren;0,08041398;20/01/1958 13:56;08/02/1964 13:56; 7.228,01 ;868;104;24;
333;Jane Mannering;0,04358814;11/01/1965 18:47;24/02/1972 18:47; 6.136,44 ;1319;101;58;
334;Rose Payne;0,481335385;04/11/1957 08:20;16/07/1963 08:20; 355,94 ;1665;106;21;
335;Elizabeth Viccars ;0,897904629;06/02/1990 06:50;21/03/1997 06:50; 8.578,92 ;1015;107;14;
336;John Sampson;0,287739148;19/08/1942 10:38;21/12/1947 10:38; 3.626,51 ;1891;104;94;
337;Robert Ellis;0,693274944;12/09/1998 08:58;23/05/2004 08:58; 1.079,98 ;197;109;13;
338;Ambrose Viccars;0,221496636;01/05/2000 20:15;02/09/2005 20:15; 5.144,24 ;1008;103;98;
339;Thamas Archard;0,573683543;29/05/1918 21:04;03/03/1925 21:04; 5.092,45 ;818;103;31;
340;Thomas Humfrey;0,761425789;16/10/1912 10:05;04/11/1918 10:05; 168,91 ;1904;104;104;
341;Thomas Smart;0,538210631;26/08/1981 02:32;14/09/1987 02:32; 9.219,41 ;1705;110;82;
342;George Howe;0,586411177;08/11/1981 16:16;21/12/1988 16:16; 879,03 ;855;109;82;
343;John Prat;0,798219813;19/06/1978 07:57;07/07/1984 07:57; 1.421,29 ;922;105;52;
344;William Wythers;0,165109326;22/10/1909 23:50;04/12/1916 23:50; 9.875,70 ;1996;101;79;
345;Simon Fernando Silva;0,64268869;03/09/1905 20:31;30/01/1912 20:31; 8.555,77 ;1003;109;25;
346;John Nichols Silva;0,576177368;08/01/1945 04:37;06/06/1951 04:37; 3.452,33 ;743;110;41;
347;William Fullwood Silva;0,915489046;27/10/1919 12:34;09/12/1926 12:34; 721,24 ;719;103;108;
348;James Plat Silva;0,760766323;04/05/1985 19:10;13/01/1991 19:10; 520,82 ;1834;107;24;
349;Humfrey Dimmocke Silva ;0,81666422;27/11/1992 05:31;02/09/1999 05:31; 2.281,85 ;310;103;1;
350;James Plat Silva Prado;0,258925852;21/01/1929 23:20;02/10/1934 23:20; 1.837,12 ;1441;109;85;
351;Walter Ralegh;0,573614858;18/04/1914 19:40;28/12/1919 19:40; 3.305,25 ;1106;107;95;
352;Thomas Smith;0,783468779;26/11/1938 09:04;31/08/1945 09:04; 9.281,97 ;1402;105;8;
353;William Sanderson;0,762447919;08/04/1963 03:44;17/12/1968 03:44; 5.307,46 ;149;100;58;
354;Walter Bayly;0,08160804;20/02/1970 18:05;24/06/1975 18:05; 1,20 ;135;106;96;
355;William Gamage;0,698890735;07/08/2005 23:17;03/01/2012 23:17; 2.529,46 ;506;102;52;
356;Edmund Nevil;0,076158894;15/12/1978 11:34;12/05/1985 11:34; 445,02 ;1444;107;15;
357;Thomas Harding;0,171119835;03/07/1930 09:41;15/08/1937 09:41; 8.822,80 ;1309;105;55;
358;Walter Marler;0,244734092;26/09/1955 14:28;27/01/1961 14:28; 384,47 ;1929;101;102;
359;Thomas Martin;0,16687568;02/04/1970 11:38;12/12/1975 11:38; 5.782,94 ;943;108;76;
360;Gabriel Harris;0,504938222;07/07/1962 16:32;25/07/1968 16:32; 3.491,68 ;1064;103;9;
361;William George;0,256067215;30/04/1934 22:29;02/02/1941 22:29; 6.667,50 ;837;100;47;
362;William Stone;0,267080264;13/12/1912 01:01;24/08/1918 01:01; 308,29 ;1201;102;130;
363;Henry Fleetewood;0,868969127;12/12/1923 01:29;09/05/1930 01:29; 8.079,39 ;1547;106;97;
364;John Gerrard;0,154477962;06/06/1966 18:37;15/02/1972 18:37; 935,50 ;1140;103;82;
365;Robert Macklyn;0,686377005;25/09/1985 06:15;21/02/1992 06:15; 4.533,78 ;1647;101;112;
366;Richard Hakluyt;0,642764509;17/03/2009 01:04;21/12/2015 01:04; 9.191,64 ;1998;103;88;
367;Thomas Hoode;0,567353069;19/10/1934 10:42;29/06/1940 10:42; 1.350,54 ;574;105;52;
368;Thomas Wade;0,104333788;21/06/1994 04:51;09/07/2000 04:51; 5.240,39 ;1432;105;67;
369;Richard Wright;0,764832411;26/08/1902 03:35;13/09/1908 03:35; 3.058,45 ;496;109;130;
370;Edmund Walden ;0,842461654;05/12/1905 15:03;02/05/1912 15:03; 6.997,38 ;1010;103;83;
371;John White, Governor;0,240137139;12/08/1902 16:59;17/05/1909 16:59; 2.736,55 ;781;106;38;
372;William Lane;0,965725733;14/05/1968 01:05;15/09/1973 01:05; 1.446,93 ;1284;102;57;
373;Joseph Harris;0,401057848;12/05/1988 05:28;13/09/1993 05:28; 8.972,89 ;1264;104;103;
374;Abraham Souza;0,21288945;13/04/1996 11:01;09/09/2002 11:01; 9.316,23 ;1093;106;42;
375;Ralph Skinner Mate;0,098776367;21/02/1920 19:35;05/04/1927 19:35; 7.548,84 ;1955;108;38;
376;Edward Kelly;0,739612127;18/09/1996 18:45;20/01/2002 18:45; 8.046,11 ;1559;106;58;
377;Thomas Bevis;0,791618375;01/03/1943 21:05;04/12/1949 21:05; 8.462,53 ;839;106;28;
378;Hance the surgion;0,510947492;17/12/1958 06:38;29/01/1966 06:38; 1.048,59 ;719;103;108;
379;Edward Kelborne;0,972768659;15/06/1926 06:23;20/03/1933 06:23; 2.203,68 ;1343;110;82;
380;Robert Colman;0,755580719;17/06/1912 02:13;31/07/1919 02:13; 4.670,99 ;313;100;25;
381;Christopher Newport;0,458389311;30/06/1934 07:36;10/03/1940 07:36; 9.404,22 ;1973;110;43;
382;John Bedford;0,320010895;10/07/1907 02:38;28/07/1913 02:38; 9.381,10 ;258;104;24;
383;Robert Hallet;0,519100082;29/07/1975 06:21;29/11/1980 06:21; 3.403,02 ;645;102;12;
384;Thomas Middleton;0,596077069;24/01/1921 07:49;22/06/1927 07:49; 8.323,09 ;1442;109;70;
385;James Bagge;0,028775919;21/06/1932 15:57;27/03/1939 15:57; 451,95 ;213;109;54;
386;Nicholas Glandvill,of Tavistock;0,975864009;25/08/1969 07:39;30/05/1976 07:39; 7.011,18 ;1260;107;82;
387;John Facy Glanville;0,898982193;03/09/1916 17:03;05/01/1922 17:03; 1.526,38 ;973;108;9;
388;John Rowe;0,401764918;03/11/1978 07:28;16/12/1985 07:28; 7.647,61 ;1045;102;44;
389;William Finch Plymouth;0,872040304;08/11/1989 11:19;05/04/1996 11:19; 8.693,59 ;569;110;101;
390;Henry Cletherow;0,142092452;06/09/1928 01:12;20/10/1935 01:12; 3.552,36 ;221;108;95;
391;John Stokes Fishmonger;0,64168594;12/06/1992 05:50;21/02/1998 05:50; 7.478,18 ;146;103;98;
392;John Clerke;0,833369804;30/10/1907 17:05;17/11/1913 17:05; 4.605,46 ;1831;101;51;
393;John Clerke;0,685614089;23/04/1983 12:42;05/06/1990 12:42; 4.543,04 ;1003;108;43;
394;Hugh Middleton;0,008184563;08/03/1995 19:33;03/08/2001 19:33; 3.937,58 ;1675;100;92;
395;Erasmus Harvye;0,008362598;17/05/1912 22:42;05/06/1918 22:42; 2.849,26 ;637;107;107;
396;Henry Millett;0,958397595;11/03/1963 15:58;12/07/1968 15:58; 6.781,06 ;809;104;125;
397;John Taylor;0,84714309;21/02/1958 14:46;05/04/1965 14:46; 844,47 ;936;103;32;
398;Thoms Harding;0,572761664;21/10/1956 14:50;09/11/1962 14:50; 2.973,10 ;128;102;130;
399;Henry Swanne;0,190397301;03/12/1970 11:56;05/04/1976 11:56; 4.563,84 ;1398;109;55;
400;Hugh Harding;0,03946391;04/11/2002 15:10;09/08/2009 15:10; 6.711,82 ;333;107;59;
401;William Cable;0,881508685;24/01/1951 23:42;08/03/1958 23:42; 6.222,61 ;1286;107;40;
402;John Watts;0,163732514;17/12/1966 11:12;21/09/1973 11:12; 9.422,10 ;1458;107;39;
403;Wiliam Davell Plymouth;0,110936811;09/08/1982 08:29;21/09/1989 08:29; 4.177,78 ;1384;109;98;
404;Robert Hutton Limehouse;0,245555807;23/09/1963 13:58;11/10/1969 13:58; 7.360,33 ;1590;108;17;
405;Michael Geere Limehouse;0,935430049;24/12/2001 02:37;12/01/2008 02:37; 1.361,61 ;720;102;64;
406;William Lane Evangelist;0,389449163;28/07/1934 08:43;29/11/1939 08:43; 9.348,04 ;680;106;130;
407;Wylliam Brockbancke;0,821333555;15/04/1991 00:41;24/12/1996 00:41; 2.451,09 ;272;104;4;
408;Rogar Perrot;0,815207217;12/03/1921 19:10;21/11/1926 19:10; 4.712,04 ;565;107;78;
409;George Bolles;0,384430253;24/04/2002 02:03;19/09/2008 02:03; 6.690,82 ;1462;101;42;
410;John Hyd;0,058258056;23/10/1932 05:49;04/07/1938 05:49; 846,67 ;1909;107;50;
411;Thomas Barbar;0,124062938;14/01/1923 10:25;11/06/1929 10:25; 2.834,37 ;874;110;60;
412;Richard Payntell;0,142897766;03/08/1900 21:26;09/05/1907 21:26; 1.943,02 ;1468;110;11;
413;Wylliam Bygatte;0,865108847;18/10/1993 08:38;19/02/1999 08:38; 998,54 ;553;108;29;
414;Francisco Gomez ;0,989112517;20/11/2005 16:48;02/01/2013 16:48; 436,49 ;649;101;94;
415;Anthonio de Samora Carenio;0,643138401;25/03/1911 08:02;26/07/1916 08:02; 4.912,96 ;1774;107;127;
416;Franciscus Marquino;0,355234195;13/08/1978 23:14;23/04/1984 23:14; 687,93 ;1863;102;46;
417;John de Vivia;0,207227016;31/03/1933 05:49;02/08/1938 05:49; 6.258,42 ;1629;102;87;
418;Don John de Villa Rey;0,211169357;22/05/1924 03:18;18/10/1930 03:18; 6.129,48 ;1805;105;87;
419;John de Viveta;0,335846786;05/02/1937 01:59;17/10/1942 01:59; 5.910,47 ;152;107;26;
420;Nicholas Gernandes;0,56645643;23/09/1919 20:16;24/01/1925 20:16; 201,55 ;1177;105;50;
421;Petro Vasse Galliego;0,214728232;29/06/1965 06:27;11/08/1972 06:27; 6.002,38 ;1801;102;67;
422;Manuel Fernandez Correa;0,960135998;16/04/1973 15:47;29/05/1980 15:47; 2.711,03 ;619;103;77;
423;William Sanderson;0,935113472;25/04/1920 14:16;29/01/1927 14:16; 7.930,03 ;1195;104;132;
424;Edward Spicer;0,30124292;17/06/1970 15:54;12/11/1976 15:54; 346,87 ;1210;107;72;
425;Francisco Gomes;0,46263357;21/01/1960 14:57;01/10/1965 14:57; 6.747,83 ;809;107;25;
426;William Adams;0,326251486;19/04/1956 11:15;02/06/1963 11:15; 1.208,40 ;1675;108;8;
427;Abraham Lofte;0,80426784;05/09/1940 10:40;24/09/1946 10:40; 8.168,46 ;908;107;65;
428;Lionel Balentine;0,708085056;14/05/1944 00:10;17/02/1951 00:10; 5.296,80 ;413;107;128;
429;Richard Knotford;0,38918542;15/04/1980 16:05;19/01/1987 16:05; 6.456,96 ;695;101;103;
430;Thomas Gilbert;0,70555189;05/02/1938 18:29;10/11/1944 18:29; 191,63 ;808;107;58;
431;Henry Erlinge;0,194027839;28/05/1957 23:25;16/06/1963 23:25; 8.003,14 ;916;104;11;
432;William Cocke;0,657360378;22/09/1994 06:57;04/11/2001 06:57; 2.080,03 ;1321;108;90;
433;John Davys;0,267229319;22/01/1926 21:57;03/10/1931 21:57; 6.785,35 ;633;106;128;
434;William Thorne;0,168339255;20/01/1930 13:42;01/10/1935 13:42; 3.221,50 ;473;104;22;
435;William Lane;0,851654958;19/07/1928 05:45;30/03/1934 05:45; 7.467,54 ;1867;106;89;
436;John Gale;0,737844408;06/10/1921 22:46;07/02/1927 22:46; 2.676,32 ;370;109;61;
437;Francisco Gomes;0,443635742;22/10/1999 23:42;19/03/2006 23:42; 6.572,82 ;991;108;132;
438;William Adams;0,867432734;31/07/1972 06:31;02/12/1977 06:31; 1.614,61 ;1831;110;123;
439;Abraham Lofte;0,620778998;21/06/1961 09:59;10/07/1967 09:59; 7.551,01 ;363;109;1;
440;Lionel Balentine;0,651864732;20/12/1904 12:13;23/04/1910 12:13; 792,45 ;1651;106;119;
441;Richard Knotford;0,398704365;25/01/1936 14:21;22/06/1942 14:21; 7.658,39 ;885;102;102;
442;Thomas Gilbert;0,516181521;22/02/1994 07:25;06/04/2001 07:25; 2.963,93 ;1475;108;28;
443;Henry Erlinge;0,571804705;16/01/1918 18:03;27/09/1923 18:03; 5.339,74 ;452;109;69;
444;William Cocke;0,68556077;09/07/1950 07:41;04/12/1956 07:41; 6.792,21 ;422;107;30;
445;John Davys;0,501603907;01/05/2003 05:01;26/09/2009 05:01; 3.478,11 ;1172;106;93;
446;William Thorne;0,092917719;01/10/1977 05:33;13/11/1984 05:33; 8.979,59 ;131;103;85;
447;William Lane;0,823494288;07/08/1942 04:02;17/04/1948 04:02; 8.734,84 ;561;103;82;
448;John Gale;0,226636941;10/11/1906 07:43;15/08/1913 07:43; 177,03 ;669;101;64;
449;William George;0,767981357;20/04/1947 03:20;08/05/1953 03:20; 4.531,48 ;373;106;91;
450;William Stone;0,155574102;21/07/2009 06:52;01/04/2015 06:52; 6.916,51 ;1734;104;89;
451;Henry Fleetewood;0,734856483;13/02/1973 11:21;12/07/1979 11:21; 2.086,35 ;891;107;95;
452;John Gerrard;0,389153724;20/09/1945 07:41;25/06/1952 07:41; 3.252,77 ;503;102;113;
453;Robert Macklyn;0,914580187;04/06/1995 21:14;30/10/2001 21:14; 6.880,49 ;1642;100;33;
454;Richard Hakluyt;0,766931942;30/12/1965 04:31;11/02/1973 04:31; 9.292,60 ;1664;110;69;
455;Thomas Hoode;0,684338193;31/05/1905 18:02;27/10/1911 18:02; 8.409,62 ;274;102;7;
456;Thomas Wade;0,859824468;25/03/1993 21:09;07/05/2000 21:09; 4.651,04 ;1397;101;115;
457;Richard Wright;0,796642929;07/12/1904 09:48;18/08/1910 09:48; 2.871,55 ;1442;101;1;
458;Edmund Walden ;0,452370367;05/11/1953 11:34;10/08/1960 11:34; 9.829,83 ;1640;107;38;
459;John White, Governor;0,524894061;19/07/1915 03:39;06/08/1921 03:39; 4.004,71 ;1163;103;18;
460;William Lane;0,766289298;06/01/1998 15:11;03/06/2004 15:11; 3.249,75 ;287;103;57;
461;Joseph Harris Conclude;0,578607488;23/03/1922 06:50;26/12/1928 06:50; 5.102,49 ;650;100;23;
462;Abraham Cocke;0,690843678;25/03/1954 07:35;04/12/1959 07:35; 8.529,98 ;289;100;93;
463;William George;0,776697722;30/06/1913 18:06;12/08/1920 18:06; 4.569,81 ;1069;100;103;
464;William Stone;0,657990727;07/02/1983 21:17;12/11/1989 21:17; 5.095,06 ;1273;106;131;
465;Henry Fleetewood;0,699321057;19/08/1915 08:51;01/10/1922 08:51; 3.443,04 ;124;108;17;
466;John Gerrard;0,106349868;05/08/1940 15:23;07/12/1945 15:23; 3.937,43 ;1534;103;128;
467;Robert Macklyn;0,784847847;30/07/1988 19:33;01/12/1993 19:33; 2.608,54 ;1706;101;6;
468;Richard Hakluyt;0,088630358;06/12/1997 04:01;09/04/2003 04:01; 6.531,77 ;1657;100;44;
469;Thomas Hoode;0,334537893;11/04/1933 16:04;15/01/1940 16:04; 6.272,19 ;678;107;109;
470;Thomas Wade;0,7449467;22/01/2001 16:18;28/10/2007 16:18; 5.815,19 ;260;104;94;
471;Richard Wright;0,912444435;05/05/1982 05:43;07/02/1989 05:43; 8.379,91 ;759;103;49;
472;Edmund Walden ;0,194089497;09/10/2006 06:37;14/07/2013 06:37; 3.550,74 ;1271;110;46;
473;John White, Governor;0,399328138;22/12/2001 17:21;02/09/2007 17:21; 1.807,20 ;1233;102;67;
474;William Lane;0,751417112;19/01/1990 18:31;03/03/1997 18:31; 3.024,72 ;558;104;123;
475;Joseph Harris;0,860046316;05/12/1908 11:05;16/08/1914 11:05; 7.014,54 ;1001;100;44;
476;Abraham Cocke;0,227764901;11/01/1918 23:50;22/09/1923 23:50; 1.022,54 ;955;105;6;
477;William George;0,556115686;11/12/1937 00:15;22/08/1943 00:15; 314,37 ;268;100;125;
478;William Stone;0,437117897;09/03/1994 09:11;11/07/1999 09:11; 7.896,23 ;698;101;54;
479;Henry Fleetewood;0,610734131;20/05/1971 22:13;07/06/1977 22:13; 9.084,60 ;674;106;84;
480;John Gerrard;0,92052778;06/02/1985 01:20;10/06/1990 01:20; 2.180,02 ;1985;102;35;
481;Robert Macklyn;0,054716253;15/11/1951 08:56;28/12/1958 08:56; 9.886,22 ;1324;107;121;
482;Richard Hakluyt;0,171646211;25/11/2002 18:29;30/08/2009 18:29; 2.491,42 ;654;103;40;
483;Thomas Hoode;0,732326094;13/07/1983 17:15;23/03/1989 17:15; 86,53 ;1643;109;53;
484;Thomas Wade;0,142456246;26/08/1934 17:56;21/01/1941 17:56; 4.977,01 ;927;102;118;
485;Richard Wright;0,331239637;10/04/1934 05:06;13/01/1941 05:06; 4.429,76 ;535;108;20;
486;Edmund Walden ;0,742782345;04/01/1948 08:26;16/02/1955 08:26; 1.517,67 ;1955;102;117;
487;John White;0,72345273;06/10/1987 08:13;24/10/1993 08:13; 9.719,24 ;854;107;99;
488;William Lane;0,653100134;12/08/1987 09:56;13/12/1992 09:56; 4.185,91 ;559;106;92;
489;Joseph Harris;0,450742245;28/07/1929 13:37;09/09/1936 13:37; 4.979,44 ;303;104;104;
490;Abraham Cocke;0,559803419;12/11/1938 03:25;25/12/1945 03:25; 4.784,14 ;1672;103;76;
491;John Copeltope;0,759000674;13/05/1907 09:58;08/10/1913 09:58; 2.747,61 ;1209;107;109;
492;Edward Scrivener;0,863448368;25/09/1904 16:01;27/01/1910 16:01; 5.499,57 ;1475;108;93;
493;Granganimeo;0,353766351;24/10/1959 00:26;24/02/1965 00:26; 5.128,12 ;964;110;130;
494;Manteo Silva;0,752111764;04/09/2000 13:14;31/01/2007 13:14; 8.443,44 ;1952;105;9;
495;Richard Hakluyt;0,604300028;30/04/1978 06:02;01/09/1983 06:02; 540,97 ;1708;108;122;
496;Alonzo Cornieles;0,582477051;30/09/1940 11:28;26/02/1947 11:28; 908,87 ;1917;108;60;
497;Enrique Lopez;0,209059333;15/11/1978 01:37;28/12/1985 01:37; 3.453,04 ;577;102;132;
498;Bernard Drake;0,500996366;19/06/1937 03:39;01/08/1944 03:39; 2.526,15 ;1458;110;67;
499;Amyas Preston;0,07320193;24/07/2002 07:12;25/11/2007 07:12; 7.749,74 ;1708;108;38;
500;Andrew Fulforde;0,035866187;30/05/1994 05:34;04/03/2001 05:34; 2.171,66 ;1377;106;75;
